  0
  0
  0
  0
  0
  0
  0
  0
  0
  0
  0
  0
  0
  0
  0
  0
  0
  0
  0
  0
  0
  0
  0
  0
  0
  0
  0
  0
  0
  0
  0
  0
  0
  0
  0
  0
  0
  0
  0
  0
  0
  0
  0
  0
  0
  0
  0
  0
  0
  0
  0
  0
  0
  0
  0
  0
  0
  0
  0
  0
  0
  0
  0
  0
  0
  0
  0
  0
  0
  0
  0
  0
  0
  0
  0
  0
  0
  0
  0
  0
  0
  0
  0
  0
  0
  0
  0
  0
  0
  0
  0
  0
  0
  0
  0
  0
  0
  0
  0
  0
  0
  0
  0
  0
  0
  0
  0
  0
  0
  0
  0
  0
  0
  0
  1
  8
  7
255
255
255
255
255
255
255
  1
  0
  0
  0
  0
  0
  0
  0
  0
  0
  0
  0
  0
  0
  0
  0
  3
 17
 15
255
255
255
255
255
255
255
  3
  0
  0
  0
  0
  0
  0
  0
  0
  0
  0
  0
  0
  0
  3
 12
  8
255
255
255
255
255
255
255
 14
 23
  2
255
  0
  0
  0
  0
  0
  0
  0
  0
  0
  0
  0
  0
  7
  5
255
255
255
255
255
  5
255
  3
 25
  7
255
255
  0
  0
  0
  0
  0
  0
  0
  0
  0
  2
 12
 13
255
255
255
 15
  9
  0
  0
  0
255
255
255
 23
 13
  0
  0
  0
  0
  0
  0
  0
  0
  0
  0
  5
 12
  6
255
255
255
  8
  4
  0
  0
  0
255
255
255
  8
  7
  0
  0
  0
  0
  0
  0
  0
  0
  0
  0
255
255
255
255
  0
  5
  0
  0
  0
  0
  0
255
255
255
 18
  8
255
  0
  0
  0
  0
  0
  0
  0
  0
  0
 11
 21
  1
  0
 23
 14
  0
  0
  0
  0
  0
255
255
255
255
255
255
  0
  0
  0
  0
  0
  0
  0
255
255
255
255
 25
 15
  0
  0
  0
  0
  0
  0
  9
 17
  2
  0
 16
 10
  0
  0
  0
  0
  0
  0
  0
  0
255
255
255
255
  6
  8
  0
  0
  0
  0
  0
  1
  0
255
255
255
  1
  5
  0
  0
  0
  0
  0
  0
  0
  0
255
255
  8
 28
  8
  4
  9
  0
  0
  0
  0
255
255
255
255
255
255
255
  0
  0
  0
  0
  0
  0
  0
  0
  0
255
255
  8
 11
  3
  0
  0
  0
  0
  2
255
255
255
255
255
255
255
  0
  0
  0
  0
  0
  0
  0
  2
255
255
255
 22
 16
  3
  0
  6
255
255
255
255
255
255
255
  6
  3
  0
  0
  0
  0
  0
  0
  0
  0
  1
 15
 26
 18
 12
255
255
255
255
255
255
255
 17
  5
255
255
  0
  4
  0
  0
  0
  0
  0
  0
  0
  0
  0
  1
 12
 15
  0
255
  0
255
255
255
  8
 13
255
255
255
255
255
255
255
  0
  0
  0
  0
  0
  0
  0
  0
  0
  5
  8
  2
  4
 11
  8
255
255
  4
  6
255
255
255
255
 12
  9
  0
  0
  0
  0
  0
  0
  0
  0
  0
  7
 14
  6
255
255
255
255
255
255
255
 15
 35
 14
255
255
255
  0
  0
  0
  0
  0
  0
  0
  0
  0
  0
  0
  0
  0
  0
  0
  0
  0
  0
  0
  0
255
255
255
255
255
  0
  0
  0
  0
  0
  0
  0
  0
  0
  0
  0
  0
  0
  0
  0
  2
  4
  4
  3
  1
  0
255
255
  4
 23
 14
  6
  3
  0
  0
  0
  0
  0
  0
  0
  0
  0
  0
  0
  0
  0
  0
  0
  0
  0
  0
  0
255
255
255
 23
 49
 21
  0
  0
  0
  0
  0
  0
  0
  0
  0
  0
  0
  0
  0
  0
  0
  0
  0
  0
  0
  0
255
255
255
 13
  6
  0
  0
  0
  0
  0
  0
  0
  0
  0
  0
  0
  0
  0
  0
  0
  0
  0
  0
  0
  0
  0
255
255
  3
 14
  7
  0
  0
  0
  0
  0
  0
  0
  0
  0
