  0
  5
 27
 60
 86
108
124
138
163
184
187
184
184
181
165
144
130
119
101
 76
 44
 16
  2
  0
  0
  0
  1
 18
 75
130
142
137
135
130
135
152
165
167
163
150
132
123
127
133
137
138
113
 55
 11
  0
  0
  0
  4
 43
115
149
135
124
124
123
120
119
120
121
119
117
118
122
124
124
125
137
138
 90
 25
  0
  0
  0
  9
 65
138
155
145
142
139
138
136
134
132
131
131
133
135
136
139
142
144
146
151
115
 38
  0
  0
  0
 13
 72
135
151
150
148
140
136
134
133
132
131
130
129
129
130
134
142
149
152
154
122
 46
  2
  0
  0
 22
 89
144
149
142
135
128
124
122
121
120
119
119
118
118
119
123
131
139
140
144
130
 62
  8
  0
  0
 30
105
161
168
156
139
129
127
127
126
126
126
127
128
129
129
129
132
149
161
167
152
 80
 15
  0
  0
 34
109
158
168
164
155
148
146
144
143
142
142
143
143
144
146
148
147
157
173
173
149
 86
 20
  0
  0
 40
119
166
172
162
158
156
149
145
143
142
142
144
145
145
147
156
157
154
169
169
149
100
 30
  0
  0
 41
120
176
179
132
122
154
159
153
150
146
146
148
151
155
154
159
143
117
148
175
159
111
 36
  0
  0
 54
134
187
173
 90
 80
149
168
157
150
145
143
145
149
154
155
160
130
 77
110
164
161
117
 42
  1
  4
 70
153
198
168
 68
 57
136
157
147
143
141
144
147
150
154
156
164
132
 62
 85
162
182
142
 58
  4
 10
 75
146
189
162
 62
 58
149
178
167
166
164
165
166
169
172
174
179
136
 51
 65
155
183
144
 66
 10
 15
 92
153
192
165
 65
 63
148
171
160
157
154
153
152
154
157
160
162
120
 40
 54
149
179
144
 82
 21
 26
 88
141
172
141
 59
 70
142
158
150
149
147
147
148
150
152
153
156
117
 38
 50
147
181
150
 93
 27
 26
 36
 66
 84
 64
 35
 78
147
162
157
157
153
150
151
152
153
153
156
120
 41
 31
 95
118
 93
 54
 15
 10
  2
  9
 15
 10
 19
 77
138
148
144
144
141
140
141
142
143
142
148
123
 49
 12
 25
 31
 22
 10
  2
  0
  0
  0
  1
  1
 24
 95
157
165
161
163
161
162
164
164
164
163
168
148
 73
 12
  0
  0
  0
  0
  0
  0
  0
  0
  0
  0
 33
110
161
164
161
161
158
157
158
158
158
156
159
151
 94
 25
  0
  0
  0
  0
  0
  0
  0
  0
  0
  2
 47
124
155
149
148
148
147
147
147
146
146
146
147
151
114
 38
  0
  0
  0
  0
  0
  0
  0
  0
  0
  9
 63
137
157
150
152
153
154
155
155
153
152
150
148
153
123
 46
  2
  1
  0
  0
  0
  0
  0
  0
  0
 20
 82
139
149
146
147
148
149
149
148
147
146
144
143
148
129
 62
 11
  1
  0
  0
  0
  0
  0
  0
  0
 33
109
159
166
166
166
167
167
167
168
168
167
166
164
165
147
 83
 20
  0
  0
  0
  0
  0
  0
  0
  0
 37
115
160
162
162
162
163
163
163
164
164
163
161
159
159
146
 91
 25
  0
  0
  0
  0
  0
  0
  0
  0
 42
124
163
161
160
159
159
159
159
160
159
158
157
159
160
154
108
 34
  0
  1
  0
  0
  0
  0
  1
  1
 42
117
148
150
154
154
154
155
155
156
155
154
153
153
150
144
105
 35
  0
  1
  0
  0
  0
